function cityLocation = LoadCityLocations

cityLocation = [
  16.303268138034628   7.129182064109691; ...
  12.316757719315326   4.409627113373858; ...
  13.072546875817137   8.017714836151125; ...
  15.604832582681968   2.158974345696600; ...
  17.401803390885384   6.399746847414304; ...
  13.222294712794524   6.594405739845993; ...
   9.651401439940274   4.101198651555478; ...
   7.266945531506188   8.470221602515906; ...
  14.367375359988275   4.222132128343533; ...
  14.962859684002455   4.269858674316712; ...
  11.938590948584864   7.758537705489252; ...
  13.001422207815457   5.520082873106608; ...
  15.180725163634072   5.258032028577626; ...
  11.332145442942258   3.530621804929355; ...
  13.873312875455952   6.423880384388132; ...
   5.948397479359290   6.408929630273879; ...
  12.356352045729189   2.557651117381416; ...
  17.524281068057377   8.241349458996412; ...
   9.534118260722675   5.841985848136163; ...
   9.493230302183955   8.800041640977472; ...
   4.243872865253579   5.316023998406051; ...
  11.445993868754178   2.772317410483613; ...
  13.465846625601467   2.374006372866969; ...
  12.549882381444197   3.250727104012847; ...
  15.022876660629374  12.847002557639119; ...
  17.258529041413983  11.958641191296660; ...
   3.118241180447490  16.687427462471540; ...
   7.547901301092515  17.017342818783430; ...
   9.893970539434953  12.558717616714546; ...
   7.242966601059464  14.023109389126208; ...
  17.049919159341542  16.674004596148698; ...
  13.306955569788013  12.120028543265505; ...
   5.543160453559379  17.177785436628639; ...
   7.390442331627048  15.586007557543070; ...
  13.111798155790638  18.390143470927349; ...
   5.433830846448841  12.060228766444126; ...
   4.965378753107088  15.105833965236206; ...
   6.139801873343221  18.582953994853849; ...
   2.287305867377466  16.851273103617167; ...
   2.668562789326542  14.140342876975094; ...
  12.757383935685304  16.085879435855677; ...
   6.995577348870533  16.001123126527443; ...
  16.047806952644937  18.821217829297055; ...
   1.717066140146145  15.654990804361987; ...
   4.050481441345405  18.831727526250820; ...
   8.873641846107201  17.251578989266683; ...
   8.410528045394368  14.710165504625886; ...
   6.303890542990022  17.231646760185381; ...
   5.735038907052351  14.282577667127638; ...
  12.060203772802080  11.427613305038985; ...
  ]; 